-0.185
-0.155
-0.145
-0.135
-0.105
-0.095
-0.095
-0.065
-0.055
-0.025
-0.005
0.025
0.045
0.075
0.095
0.105
0.105
0.115
0.105
0.075
0.045
0.005
-0.045
-0.075
-0.105
-0.115
-0.125
-0.125
-0.125
-0.125
-0.125
-0.135
-0.135
-0.135
-0.135
-0.125
-0.125
-0.125
-0.135
-0.135
-0.155
-0.145
-0.165
-0.165
-0.155
-0.175
-0.165
-0.145
-0.095
-0.045
-0.055
-0.105
-0.105
-0.165
-0.195
-0.205
-0.225
-0.215
-0.215
-0.215
-0.205
-0.205
-0.215
-0.215
-0.215
-0.215
-0.195
-0.175
-0.265
-0.435
-0.235
0.385
1.325
1.495
0.355
-0.515
-0.565
-0.365
-0.225
-0.205
-0.215
-0.235
-0.225
-0.225
-0.215
-0.195
-0.195
-0.205
-0.175
-0.185
-0.175
-0.165
-0.145
-0.125
-0.115
-0.105
-0.085
-0.085
-0.055
-0.045
-0.015
0.015
0.035
0.045
0.085
0.105
0.135
0.145
0.155
0.165
0.145
0.105
0.085
0.035
0.005
-0.035
-0.065
-0.065
-0.085
-0.095
-0.095
-0.095
-0.105
-0.105
-0.085
-0.085
-0.095
-0.095
-0.085
-0.085
-0.085
-0.095
-0.085
-0.085
-0.095
-0.105
-0.125
-0.115
-0.125
-0.135
-0.125
-0.115
-0.135
-0.145
-0.125
-0.065
0.005
0.005
-0.035
-0.055
-0.085
-0.135
-0.145
-0.165
-0.165
-0.165
-0.175
-0.155
-0.165
-0.175
-0.155
-0.165
-0.155
-0.145
-0.155
-0.395
-0.255
0.355
1.455
1.535
0.085
-0.575
-0.455
-0.225
-0.125
-0.155
-0.185
-0.175
-0.175
-0.175
-0.155
-0.165
-0.155
-0.155
-0.145
-0.125
-0.125
-0.115
-0.095
-0.085
-0.065
-0.055
-0.055
-0.025
-0.005
0.015
0.045
0.065
0.075
0.105
0.135
0.175
0.195
0.215
0.235
0.225
0.195
0.165
0.115
0.095
0.045
0.015
-0.015
-0.035
-0.045
-0.055
-0.065
-0.055
-0.055
-0.045
-0.035
-0.045
-0.045
-0.045
-0.065
-0.055
-0.045
-0.045
-0.045
-0.045
-0.045
-0.055
-0.075
-0.065
-0.085
-0.095
-0.095
-0.095
-0.095
-0.095
-0.115
-0.105
-0.105
-0.085
-0.005
0.055
0.035
-0.025
-0.075
-0.085
-0.105
-0.135
-0.145
-0.125
-0.125
-0.145
-0.145
-0.155
-0.155
-0.145
-0.145
-0.125
-0.125
-0.115
-0.245
-0.425
-0.035
0.775
1.745
0.975
-0.335
-0.535
-0.355
-0.155
-0.125
-0.145
-0.165
-0.145
-0.155
-0.155
-0.135
-0.145
-0.135
-0.135
-0.125
-0.105
-0.095
-0.095
-0.085
-0.045
-0.035
-0.025
0.005
0.015
0.025
0.065
0.075
0.105
0.135
0.165
0.195
0.205
0.215
0.225
0.195
0.185
0.135
0.085
0.065
0.035
-0.015
-0.015
-0.055
-0.045
-0.065
-0.055
-0.045
-0.055
-0.055
-0.045
-0.055
-0.055
-0.045
-0.065
-0.055
-0.045
-0.055
-0.055
-0.075
-0.065
-0.075
-0.085
-0.085
-0.085
-0.105
-0.095
-0.105
-0.105
-0.115
-0.105
-0.065
-0.005
0.035
0.015
-0.055
-0.055
-0.095
-0.125
-0.125
-0.125
-0.145
-0.145
-0.155
-0.145
-0.145
-0.145
-0.125
-0.135
-0.115
-0.115
-0.345
-0.375
0.025
0.965
1.805
1.045
-0.255
-0.585
-0.405
-0.205
-0.105
-0.135
-0.135
-0.145
-0.145
-0.145
-0.145
-0.135
-0.135
-0.115
-0.105
-0.085
-0.095
-0.085
-0.095
-0.065
-0.035
-0.045
-0.005
0.025
0.035
0.035
0.045
0.095
0.135
0.135
0.185
0.205
0.235
0.235
0.245
0.245
0.235
0.185
0.165
0.125
0.075
0.035
0.025
-0.025
-0.045
-0.035
-0.055
-0.055
-0.055
-0.055
-0.035
-0.055
-0.035
-0.045
-0.035
-0.025
-0.025
-0.045
-0.035
-0.055
-0.035
-0.045
-0.055
-0.035
-0.035
0.035
0.065
0.015
0.005
-0.025
-0.085
-0.095
-0.115
-0.135
-0.125
-0.145
-0.135
-0.135
-0.145
-0.125
-0.135
-0.135
-0.125
-0.095
-0.185
-0.435
-0.265
0.555
1.665
1.495
0.105
-0.585
-0.505
-0.315
-0.155
-0.125
-0.155
-0.175
-0.155
-0.155
-0.155
-0.145
-0.145
-0.115
-0.125
-0.125
-0.105
-0.105
-0.085
-0.085
-0.045
-0.035
-0.035
-0.015
-0.005
0.045
0.055
0.065
0.115
0.135
0.145
0.165
0.175
0.205
0.195
0.155
0.135
0.085
0.055
0.015
-0.045
-0.055
-0.065
-0.085
-0.075
-0.075
-0.085
-0.085
-0.095
-0.085
-0.075
-0.075
-0.065
-0.065
-0.065
-0.065
