-0.275
-0.245
-0.285
-0.265
-0.235
-0.215
-0.165
-0.165
-0.145
-0.095
-0.085
-0.045
0.025
0.085
0.175
0.215
0.255
0.305
0.285
0.285
0.245
0.175
0.125
0.015
-0.075
-0.125
-0.175
-0.205
-0.195
-0.205
-0.165
-0.185
-0.185
-0.185
-0.195
-0.195
-0.185
-0.165
-0.145
-0.135
-0.145
-0.155
-0.185
-0.185
-0.165
-0.175
-0.145
-0.165
-0.165
-0.175
-0.185
-0.195
-0.195
-0.175
-0.165
-0.165
-0.175
-0.175
-0.185
-0.205
-0.195
-0.185
-0.165
-0.135
-0.115
-0.065
-0.075
-0.075
0.035
0.005
-0.065
-0.085
-0.105
-0.155
-0.175
-0.195
-0.185
-0.175
-0.145
-0.155
-0.165
-0.175
-0.175
-0.155
-0.335
-0.675
-0.345
1.275
2.465
2.895
1.805
0.195
-0.125
-0.155
-0.175
-0.215
-0.235
-0.215
-0.255
-0.255
-0.225
-0.225
-0.195
-0.195
-0.195
-0.165
-0.195
-0.165
-0.125
-0.105
-0.035
-0.015
0.025
0.085
0.105
0.175
0.235
0.275
0.355
0.395
0.395
0.405
0.295
0.215
0.145
0.045
0.015
-0.045
-0.075
-0.085
-0.135
-0.135
-0.115
-0.105
-0.085
-0.085
-0.095
-0.095
-0.115
-0.105
-0.105
-0.085
-0.065
-0.085
-0.095
-0.075
-0.105
-0.105
-0.105
-0.095
-0.085
-0.085
-0.105
-0.105
-0.115
-0.125
-0.125
-0.115
-0.105
-0.115
-0.105
-0.115
-0.135
-0.145
-0.125
-0.115
-0.095
-0.095
-0.095
-0.105
-0.105
-0.105
-0.055
-0.015
-0.025
0.045
0.075
0.015
-0.085
-0.075
-0.075
-0.135
-0.105
-0.125
-0.125
-0.115
-0.145
-0.145
-0.135
-0.125
-0.085
-0.075
-0.365
-0.615
-0.035
1.565
2.575
2.895
1.415
0.065
-0.085
-0.115
-0.185
-0.205
-0.205
-0.215
-0.185
-0.195
-0.195
-0.185
-0.205
-0.205
-0.185
-0.185
-0.135
-0.125
-0.115
-0.085
-0.085
-0.045
0.005
0.055
0.135
0.175
0.225
0.285
0.305
0.345
0.365
0.355
0.335
0.245
0.135
0.055
-0.065
-0.115
-0.135
-0.165
-0.135
-0.155
-0.145
-0.155
-0.175
-0.175
-0.165
-0.155
-0.135
-0.135
-0.145
-0.135
-0.155
-0.175
-0.165
-0.155
-0.135
-0.135
-0.135
-0.145
-0.165
-0.165
-0.175
-0.165
-0.155
-0.165
-0.175
-0.165
-0.195
-0.205
-0.185
-0.175
-0.165
-0.165
-0.165
-0.185
-0.185
-0.185
-0.165
-0.155
-0.145
-0.145
-0.135
-0.135
-0.135
-0.085
-0.065
-0.015
0.075
-0.015
-0.095
-0.065
-0.135
-0.175
-0.175
-0.175
-0.145
-0.145
-0.145
-0.145
-0.175
-0.185
-0.165
-0.155
-0.505
-0.695
-0.005
1.605
2.585
2.905
1.545
0.025
-0.125
-0.145
-0.205
-0.225
-0.265
-0.275
-0.275
-0.265
-0.245
-0.245
-0.245
-0.225
-0.235
-0.215
-0.185
-0.185
-0.125
-0.125
-0.085
-0.055
-0.035
-0.015
0.055
0.125
0.205
0.245
0.285
0.325
0.345
0.325
0.295
0.245
0.155
0.085
-0.015
-0.095
-0.145
-0.205
-0.195
-0.175
-0.175
-0.175
-0.185
-0.185
-0.195
-0.215
-0.195
-0.185
-0.185
-0.175
-0.175
-0.175
-0.185
-0.215
-0.205
-0.185
-0.175
-0.175
-0.185
-0.195
-0.215
-0.225
-0.215
-0.205
-0.195
-0.195
-0.215
-0.205
-0.225
-0.225
-0.215
-0.215
-0.175
-0.165
-0.165
-0.135
-0.125
-0.115
-0.065
0.005
-0.015
-0.105
-0.115
-0.125
-0.205
-0.215
-0.225
-0.215
-0.185
-0.185
-0.185
-0.185
-0.215
-0.195
-0.155
-0.305
-0.675
-0.575
0.765
2.195
2.855
2.415
0.505
-0.165
-0.145
-0.195
-0.235
-0.255
-0.275
-0.285
-0.265
-0.255
-0.225
-0.225
-0.225
-0.215
-0.215
-0.215
-0.175
-0.155
-0.095
-0.085
-0.045
-0.005
0.025
0.075
0.155
0.215
0.285
0.335
0.365
0.395
0.365
0.325
0.255
0.185
0.115
0.005
-0.035
-0.095
-0.145
-0.155
-0.145
-0.155
-0.125
-0.125
-0.135
-0.125
-0.145
-0.135
-0.135
-0.135
-0.095
-0.095
-0.095
-0.095
-0.125
-0.115
-0.105
-0.115
-0.095
-0.105
-0.115
-0.115
-0.135
-0.145
-0.145
-0.115
-0.105
-0.115
-0.125
-0.115
-0.135
-0.135
-0.125
-0.125
-0.095
-0.105
-0.105
-0.095
-0.115
-0.095
-0.085
-0.025
0.025
0.005
0.095
0.095
-0.015
-0.065
-0.045
-0.065
-0.085
-0.105
-0.125
-0.115
-0.145
-0.135
-0.135
-0.135
-0.095
-0.085
