-0.185
-0.215
-0.215
-0.245
-0.205
-0.195
-0.155
-0.165
-0.165
-0.175
-0.215
-0.185
-0.165
-0.165
-0.165
-0.145
-0.155
-0.185
-0.215
-0.175
-0.165
-0.155
-0.155
-0.155
-0.165
-0.185
-0.165
-0.175
-0.185
-0.165
-0.155
-0.165
-0.165
-0.165
-0.165
-0.155
-0.175
-0.185
-0.165
-0.175
-0.155
-0.185
-0.165
-0.165
-0.175
-0.175
-0.175
-0.175
-0.165
-0.175
-0.185
-0.165
-0.175
-0.145
-0.155
-0.145
-0.105
-0.065
-0.055
-0.035
0.025
0.045
0.025
0.025
-0.035
-0.095
-0.125
-0.125
-0.105
-0.105
-0.105
-0.065
-0.035
0.305
0.865
1.005
0.055
-0.395
-0.325
-0.105
-0.055
-0.065
-0.065
-0.075
-0.055
-0.055
-0.065
-0.045
-0.035
-0.055
-0.045
-0.045
-0.025
-0.025
-0.015
-0.025
-0.015
0.005
0.015
0.035
0.035
0.055
0.085
0.115
0.115
0.145
0.165
0.175
0.195
0.225
0.225
0.235
0.215
0.185
0.145
0.085
0.025
-0.025
-0.075
-0.105
-0.145
-0.145
-0.155
-0.165
-0.175
-0.175
-0.155
-0.145
-0.145
-0.165
-0.145
-0.145
-0.135
-0.135
-0.145
-0.145
-0.145
-0.155
-0.155
-0.185
-0.175
-0.165
-0.165
-0.185
-0.165
-0.185
-0.165
-0.175
-0.185
-0.185
-0.195
-0.185
-0.185
-0.175
-0.185
-0.205
-0.175
-0.185
-0.185
-0.155
-0.175
-0.185
-0.175
-0.185
-0.175
-0.185
-0.175
-0.165
-0.155
-0.185
-0.195
-0.175
-0.165
-0.185
-0.175
-0.155
-0.165
-0.155
-0.165
-0.185
-0.175
-0.135
-0.125
-0.075
-0.055
-0.035
0.025
0.005
0.005
-0.025
-0.105
-0.145
-0.185
-0.185
-0.165
-0.195
-0.135
-0.125
-0.065
0.595
1.365
0.965
-0.315
-0.665
-0.435
-0.175
-0.135
-0.135
-0.165
-0.175
-0.175
-0.175
-0.145
-0.155
-0.155
-0.115
-0.115
-0.125
-0.105
-0.115
-0.105
-0.075
-0.065
-0.055
-0.025
-0.015
-0.025
-0.015
0.035
0.045
0.055
0.115
0.115
0.135
0.155
0.145
0.155
0.155
0.115
0.095
0.035
-0.015
-0.095
-0.145
-0.165
-0.195
-0.215
-0.215
-0.235
-0.235
-0.225
-0.235
-0.215
-0.215
-0.225
-0.205
-0.215
-0.195
-0.205
-0.215
-0.185
-0.205
-0.205
-0.205
-0.205
-0.215
-0.215
-0.245
-0.225
-0.225
-0.225
-0.215
-0.225
-0.215
-0.235
-0.245
-0.245
-0.225
-0.225
-0.235
-0.215
-0.235
-0.235
-0.245
-0.235
-0.245
-0.245
-0.215
-0.235
-0.245
-0.235
-0.245
-0.245
-0.225
-0.235
-0.205
-0.225
-0.235
-0.205
-0.225
-0.215
-0.225
-0.215
-0.205
-0.165
-0.135
-0.115
-0.085
-0.055
-0.005
-0.025
-0.015
-0.075
-0.135
-0.165
-0.195
-0.195
-0.175
-0.185
-0.155
-0.105
0.115
0.755
1.325
0.265
-0.605
-0.545
-0.285
-0.165
-0.175
-0.175
-0.185
-0.175
-0.165
-0.165
-0.145
-0.155
-0.135
-0.145
-0.155
-0.125
-0.125
-0.115
-0.105
-0.095
-0.095
-0.065
-0.055
-0.035
-0.025
0.005
0.035
0.055
0.075
0.095
0.095
0.135
0.155
0.165
0.175
0.155
0.125
0.075
0.005
-0.045
-0.095
-0.135
-0.155
-0.185
-0.205
-0.195
-0.225
-0.215
-0.195
-0.195
-0.175
-0.185
-0.195
-0.175
-0.195
-0.185
-0.165
-0.175
-0.165
-0.175
-0.185
-0.185
-0.195
-0.185
-0.185
-0.195
-0.195
-0.205
-0.205
-0.195
-0.225
-0.195
-0.205
-0.205
-0.195
-0.205
-0.195
-0.205
-0.215
-0.185
-0.205
-0.215
-0.165
-0.205
-0.195
-0.165
-0.215
-0.205
-0.185
-0.185
-0.175
-0.185
-0.175
-0.185
-0.185
-0.165
-0.185
-0.185
-0.165
-0.175
-0.165
-0.175
-0.145
-0.105
-0.055
-0.065
-0.015
0.025
0.015
0.005
-0.055
-0.085
-0.145
-0.185
-0.155
-0.155
-0.165
-0.135
-0.115
0.095
0.815
1.595
0.585
-0.565
-0.595
-0.275
-0.145
-0.145
-0.135
-0.135
-0.135
-0.145
-0.155
-0.105
-0.135
-0.125
-0.115
-0.125
-0.075
-0.085
-0.095
-0.055
-0.065
-0.035
-0.005
-0.005
0.035
0.045
0.045
0.085
0.105
0.145
0.175
0.185
0.215
0.245
0.245
0.255
0.235
0.205
0.185
0.145
0.085
0.015
-0.065
-0.085
-0.115
-0.125
-0.165
-0.155
-0.155
-0.155
-0.165
-0.155
-0.165
-0.135
-0.145
-0.145
-0.115
-0.125
-0.125
-0.125
-0.135
-0.135
-0.125
-0.135
-0.135
