0.675
0.665
0.655
0.645
0.635
0.625
0.605
0.595
0.585
0.575
0.565
0.555
0.545
0.535
0.515
0.515
0.505
0.495
0.475
0.475
0.475
0.465
0.445
0.445
0.435
0.425
0.415
0.415
0.395
0.395
0.385
0.375
0.365
0.365
0.355
0.345
0.335
0.335
0.315
0.315
0.295
0.295
0.275
0.285
0.275
0.265
0.255
0.255
0.245
0.235
0.225
0.215
0.215
0.205
0.195
0.195
0.185
0.165
0.155
0.135
-0.375
-0.955
-0.885
-0.865
-0.855
-0.845
-0.845
-0.835
-0.815
-0.805
-0.805
-0.785
-0.775
-0.775
-0.765
-0.745
-0.735
-0.735
-0.725
-0.705
-0.695
-0.695
-0.685
-0.675
-0.665
-0.655
-0.655
-0.635
-0.625
-0.625
-0.615
-0.605
-0.595
-0.585
-0.585
-0.575
-0.555
-0.555
-0.545
-0.535
-0.525
-0.515
-0.515
-0.505
-0.495
-0.485
-0.475
-0.465
-0.455
-0.445
-0.445
-0.425
-0.415
-0.415
-0.415
-0.395
-0.385
-0.375
-0.375
-0.375
-0.365
-0.355
-0.335
-0.315
-0.145
0.755
0.685
0.665
0.665
0.655
0.635
0.625
0.615
0.615
0.595
0.585
0.565
0.555
0.535
0.525
0.515
0.505
0.495
0.485
0.475
0.465
0.445
0.445
0.425
0.425
0.405
0.405
0.395
0.385
0.375
0.375
0.365
0.365
0.355
0.345
0.345
0.345
0.325
0.325
0.315
0.315
0.295
0.295
0.295
0.285
0.275
0.265
0.265
0.265
0.245
0.245
0.245
0.235
0.225
0.215
0.215
0.205
0.205
0.195
0.195
0.175
0.165
0.145
0.075
-0.905
-0.855
-0.845
-0.835
-0.835
-0.835
-0.815
-0.815
-0.805
-0.795
-0.785
-0.775
-0.765
-0.755
-0.735
-0.735
-0.715
-0.705
-0.705
-0.685
-0.685
-0.675
-0.655
-0.655
-0.645
-0.635
-0.625
-0.615
-0.605
-0.595
-0.585
-0.585
-0.565
-0.565
-0.545
-0.535
-0.535
-0.525
-0.515
-0.505
-0.495
-0.485
-0.475
-0.465
-0.455
-0.455
-0.445
-0.435
-0.435
-0.425
-0.415
-0.405
-0.395
-0.395
-0.375
-0.365
-0.375
-0.365
-0.345
-0.335
-0.335
-0.325
-0.295
-0.095
0.795
0.715
0.705
0.695
0.685
0.675
0.675
0.665
0.645
0.635
0.625
0.615
0.615
0.595
0.585
0.575
0.565
0.545
0.545
0.535
0.525
0.515
0.505
0.495
0.485
0.475
0.475
0.465
0.455
0.445
0.435
0.425
0.425
0.405
0.405
0.405
0.395
0.375
0.365
0.365
0.355
0.345
0.345
0.335
0.325
0.315
0.315
0.305
0.295
0.285
0.275
0.265
0.265
0.255
0.255
0.235
0.235
0.225
0.225
0.215
0.205
0.185
0.165
-0.205
-0.935
-0.865
-0.845
-0.835
-0.825
-0.815
-0.795
-0.775
-0.775
-0.765
-0.755
-0.735
-0.725
-0.725
-0.705
-0.695
-0.685
-0.675
-0.655
-0.655
-0.635
-0.635
-0.625
-0.615
-0.595
-0.595
-0.585
-0.585
-0.575
-0.565
-0.555
-0.545
-0.545
-0.535
-0.535
-0.525
-0.515
-0.505
-0.505
-0.495
-0.485
-0.475
-0.465
-0.465
-0.455
-0.445
-0.435
-0.425
-0.415
-0.415
-0.405
-0.395
-0.395
-0.385
-0.375
-0.365
-0.355
-0.355
-0.345
-0.335
-0.325
-0.325
-0.295
-0.235
0.815
0.735
0.715
0.705
0.705
0.695
0.685
0.665
0.665
0.645
0.635
0.625
0.615
0.605
0.595
0.585
0.575
0.565
0.555
0.555
0.545
0.525
0.515
0.505
0.495
0.485
0.485
0.475
0.465
0.445
0.445
0.435
0.435
0.415
0.415
0.405
0.395
0.385
0.385
0.375
0.355
0.355
0.345
0.335
0.335
0.315
0.315
0.305
0.295
0.285
0.275
0.275
0.265
0.255
0.255
0.245
0.235
0.225
0.225
0.215
0.205
0.185
0.155
-0.735
-0.905
-0.855
-0.835
-0.815
-0.805
-0.805
-0.795
-0.785
-0.775
-0.775
-0.755
-0.745
-0.735
-0.725
-0.715
-0.705
-0.695
-0.685
-0.675
-0.675
-0.655
-0.655
-0.635
-0.635
-0.615
-0.615
-0.605
-0.595
-0.585
-0.575
-0.565
-0.555
-0.545
-0.545
-0.525
-0.525
-0.505
-0.505
-0.495
-0.495
-0.485
-0.475
-0.465
-0.455
-0.455
-0.445
-0.435
-0.435
-0.425
-0.415
-0.405
-0.405
-0.395
-0.385
-0.375
-0.375
-0.365
-0.365
-0.345
-0.335
-0.335
-0.325
-0.305
-0.285
0.775
0.745
0.715
