-0.435
-0.435
-0.415
-0.405
-0.395
-0.385
-0.375
-0.375
-0.355
-0.355
-0.345
-0.345
-0.325
-0.325
-0.325
-0.325
-0.325
-0.325
-0.325
-0.325
-0.325
-0.325
-0.315
-0.315
-0.325
-0.325
-0.305
-0.315
-0.305
-0.305
-0.305
-0.305
-0.295
-0.295
-0.295
-0.285
-0.275
-0.275
-0.275
-0.275
-0.265
-0.255
-0.255
-0.255
-0.235
-0.235
-0.215
-0.175
0.405
0.415
0.415
0.405
0.405
0.395
0.395
0.385
0.375
0.375
0.375
0.355
0.355
0.345
0.335
0.335
0.325
0.315
0.315
0.305
0.305
0.295
0.285
0.275
0.275
0.275
0.265
0.255
0.245
0.245
0.235
0.225
0.225
0.225
0.215
0.205
0.205
0.195
0.195
0.185
0.185
0.185
0.175
0.175
0.165
0.155
0.155
0.145
0.145
0.135
0.135
0.125
0.125
0.125
0.115
0.105
0.105
0.095
0.095
0.075
0.075
0.065
0.045
-0.065
-0.615
-0.605
-0.595
-0.595
-0.585
-0.585
-0.585
-0.575
-0.565
-0.555
-0.555
-0.555
-0.545
-0.535
-0.525
-0.525
-0.515
-0.515
-0.495
-0.495
-0.495
-0.485
-0.475
-0.475
-0.465
-0.455
-0.455
-0.445
-0.435
-0.435
-0.425
-0.425
-0.415
-0.415
-0.405
-0.405
-0.395
-0.385
-0.385
-0.385
-0.365
-0.365
-0.355
-0.355
-0.345
-0.345
-0.335
-0.335
-0.325
-0.325
-0.315
-0.305
-0.305
-0.295
-0.295
-0.285
-0.275
-0.265
-0.265
-0.265
-0.245
-0.235
-0.215
-0.075
0.475
0.445
0.435
0.425
0.425
0.415
0.405
0.395
0.395
0.385
0.385
0.375
0.365
0.365
0.355
0.345
0.345
0.335
0.325
0.315
0.315
0.315
0.305
0.295
0.295
0.285
0.285
0.275
0.265
0.265
0.265
0.255
0.245
0.235
0.235
0.225
0.225
0.215
0.215
0.205
0.205
0.195
0.185
0.175
0.175
0.175
0.165
0.155
0.155
0.145
0.135
0.135
0.125
0.115
0.115
0.105
0.105
0.095
0.085
0.085
0.075
0.065
0.045
-0.025
-0.635
-0.625
-0.605
-0.605
-0.595
-0.595
-0.585
-0.585
-0.575
-0.565
-0.555
-0.545
-0.535
-0.535
-0.525
-0.525
-0.515
-0.505
-0.495
-0.495
-0.485
-0.475
-0.465
-0.465
-0.455
-0.445
-0.435
-0.435
-0.425
-0.425
-0.405
-0.405
-0.395
-0.395
-0.385
-0.375
-0.365
-0.365
-0.355
-0.355
-0.345
-0.335
-0.325
-0.335
-0.325
-0.325
-0.315
-0.305
-0.305
-0.295
-0.295
-0.295
-0.285
-0.275
-0.275
-0.265
-0.265
-0.265
-0.255
-0.255
-0.235
-0.225
-0.205
-0.175
0.405
0.435
0.425
0.415
0.415
0.415
0.405
0.395
0.395
0.385
0.385
0.375
0.365
0.365
0.355
0.345
0.345
0.335
0.325
0.315
0.315
0.305
0.305
0.295
0.285
0.285
0.275
0.275
0.265
0.255
0.255
0.255
0.245
0.235
0.235
0.215
0.225
0.215
0.205
0.195
0.185
0.185
0.175
0.165
0.165
0.155
0.145
0.145
0.145
0.135
0.125
0.125
0.125
0.115
0.115
0.105
0.105
0.095
0.085
0.075
0.075
0.055
0.045
-0.145
-0.625
-0.605
-0.605
-0.595
-0.585
-0.585
-0.585
-0.575
-0.565
-0.575
-0.555
-0.555
-0.545
-0.545
-0.525
-0.525
-0.515
-0.515
-0.505
-0.495
-0.495
-0.485
-0.485
-0.475
-0.465
-0.455
-0.455
-0.455
-0.445
-0.435
-0.425
-0.425
-0.415
-0.415
-0.405
-0.405
-0.395
-0.395
-0.385
-0.385
-0.375
-0.365
-0.355
-0.365
-0.345
-0.345
-0.335
-0.335
-0.325
-0.325
-0.315
-0.315
-0.305
-0.295
-0.285
-0.285
-0.275
-0.275
-0.265
-0.255
-0.245
-0.235
-0.215
-0.175
0.445
0.445
0.435
0.425
0.415
0.405
0.405
0.395
0.395
0.375
0.365
0.365
0.355
0.355
0.335
0.325
0.325
0.315
0.315
0.295
0.295
0.285
0.285
0.265
0.265
0.265
0.255
0.245
0.245
0.235
0.225
0.215
0.215
0.205
0.195
0.195
0.185
0.185
0.175
0.165
0.165
0.165
0.155
0.155
0.145
0.145
0.135
0.135
0.135
0.125
0.125
0.115
0.115
0.105
0.105
0.095
0.095
0.085
0.085
0.085
0.075
0.055
0.045
0.025
-0.565
-0.615
-0.605
-0.605
-0.595
-0.585
-0.585
-0.585
-0.575
-0.575
-0.555
-0.555
-0.555
-0.545
-0.535
-0.535
