-0.095
-0.085
-0.085
-0.085
-0.065
-0.045
-0.045
-0.045
-0.045
-0.025
-0.035
-0.005
0.005
0.005
-0.005
-0.015
-0.035
-0.035
-0.065
-0.075
-0.105
-0.105
-0.055
-0.005
0.015
0.005
0.015
-0.005
-0.025
-0.025
-0.005
-0.025
-0.005
-0.015
-0.005
-0.005
-0.015
-0.005
-0.005
0.005
-0.005
-0.015
0.005
0.005
-0.015
-0.015
-0.025
-0.015
0.015
0.025
0.045
0.105
0.095
0.135
0.155
0.105
0.035
-0.025
-0.065
-0.075
-0.085
-0.105
-0.095
-0.105
-0.095
-0.075
-0.135
-0.105
0.145
0.965
1.825
0.415
-0.835
-0.765
-0.345
-0.145
-0.125
-0.115
-0.115
-0.115
-0.115
-0.115
-0.105
-0.085
-0.085
-0.095
-0.085
-0.055
-0.045
-0.045
-0.035
-0.025
-0.015
-0.025
-0.025
-0.045
-0.055
-0.085
-0.115
-0.135
-0.145
-0.115
-0.085
-0.045
-0.025
-0.015
-0.015
-0.025
-0.055
-0.055
-0.055
-0.035
-0.035
-0.035
-0.035
-0.035
-0.045
-0.035
-0.045
-0.045
-0.045
-0.035
-0.035
-0.055
-0.065
-0.065
-0.075
-0.065
-0.045
-0.005
0.005
0.065
0.065
0.095
0.095
0.115
0.035
-0.015
-0.075
-0.115
-0.135
-0.135
-0.145
-0.155
-0.135
-0.135
-0.145
-0.185
-0.035
0.445
1.485
1.815
-0.095
-0.965
-0.615
-0.265
-0.165
-0.165
-0.165
-0.155
-0.155
-0.135
-0.145
-0.135
-0.135
-0.135
-0.115
-0.115
-0.105
-0.105
-0.095
-0.065
-0.075
-0.065
-0.065
-0.055
-0.075
-0.095
-0.105
-0.125
-0.135
-0.155
-0.145
-0.135
-0.085
-0.065
-0.055
-0.065
-0.075
-0.085
-0.105
-0.095
-0.095
-0.085
-0.085
-0.075
-0.075
-0.095
-0.095
-0.075
-0.075
-0.075
-0.085
-0.085
-0.105
-0.095
-0.085
-0.115
-0.065
-0.045
-0.025
0.025
0.015
0.065
0.045
0.065
-0.025
-0.055
-0.115
-0.155
-0.175
-0.145
-0.185
-0.175
-0.165
-0.155
-0.185
-0.185
0.055
0.875
1.955
0.875
-0.755
-0.835
-0.395
-0.195
-0.175
-0.175
-0.185
-0.165
-0.165
-0.185
-0.165
-0.145
-0.165
-0.155
-0.125
-0.115
-0.115
-0.115
-0.105
-0.085
-0.095
-0.095
-0.085
-0.075
-0.085
-0.115
-0.125
-0.145
-0.165
-0.165
-0.145
-0.105
-0.085
-0.075
-0.075
-0.085
-0.115
-0.115
-0.115
-0.095
-0.095
-0.115
-0.095
-0.095
-0.105
-0.085
-0.095
-0.085
-0.085
-0.095
-0.085
-0.095
-0.095
-0.105
-0.105
-0.105
-0.105
-0.105
-0.055
-0.045
-0.015
0.015
0.025
0.045
0.075
0.055
-0.055
-0.065
-0.105
-0.145
-0.165
-0.155
-0.165
-0.165
-0.165
-0.135
-0.215
-0.105
0.375
1.365
1.885
-0.015
-1.005
-0.705
-0.305
-0.195
-0.175
-0.175
-0.175
-0.175
-0.165
-0.155
-0.155
-0.155
-0.145
-0.125
-0.105
-0.125
-0.125
-0.105
-0.105
-0.085
-0.075
-0.065
-0.095
-0.105
-0.115
-0.135
-0.145
-0.185
-0.175
-0.175
-0.155
-0.115
-0.085
-0.065
-0.075
-0.085
-0.095
-0.115
-0.105
-0.095
-0.095
-0.095
-0.105
-0.095
-0.065
-0.085
-0.095
-0.075
-0.075
-0.075
-0.105
-0.105
-0.105
-0.105
-0.105
-0.115
-0.125
-0.125
-0.085
-0.075
-0.055
-0.035
-0.015
0.035
0.045
0.085
-0.015
-0.075
-0.115
-0.155
-0.165
-0.175
-0.175
-0.175
-0.165
-0.175
-0.195
-0.185
0.155
1.065
1.805
-0.025
-1.065
-0.765
-0.335
-0.215
-0.195
-0.175
-0.185
-0.175
-0.185
-0.165
-0.175
-0.165
-0.135
-0.135
-0.155
-0.125
-0.125
-0.115
-0.105
-0.095
-0.065
-0.095
-0.115
-0.125
-0.145
-0.175
-0.195
-0.215
-0.215
-0.205
-0.165
-0.115
-0.115
-0.095
-0.105
-0.115
-0.115
-0.135
-0.145
-0.125
-0.135
-0.115
-0.115
-0.095
-0.085
-0.105
-0.105
-0.095
-0.095
-0.095
-0.105
-0.115
-0.105
-0.115
-0.115
-0.135
-0.145
-0.135
-0.105
-0.075
-0.045
-0.045
-0.005
0.005
0.015
0.045
-0.015
-0.055
-0.115
-0.155
-0.185
-0.185
-0.195
-0.185
-0.185
-0.185
-0.175
-0.205
0.015
0.645
1.675
1.225
-0.565
-0.885
-0.495
-0.255
-0.185
-0.195
-0.185
-0.185
-0.175
-0.165
-0.155
-0.155
-0.145
-0.145
-0.145
-0.135
-0.125
-0.115
-0.105
-0.105
-0.105
-0.095
-0.085
-0.095
-0.095
-0.115
-0.135
-0.145
-0.165
-0.165
-0.145
-0.145
-0.115
-0.095
