-0.19
-0.175
-0.165
-0.175
-0.175
-0.2
-0.195
-0.165
-0.15
-0.15
-0.155
-0.165
-0.17
-0.16
-0.145
-0.145
-0.16
-0.185
-0.19
-0.175
-0.17
-0.18
-0.185
-0.2
-0.205
-0.205
-0.185
-0.165
-0.175
-0.2
-0.2
-0.185
-0.165
-0.16
-0.165
-0.185
-0.185
-0.175
-0.155
-0.16
-0.16
-0.16
-0.15
-0.145
-0.13
-0.135
-0.13
-0.15
-0.15
-0.15
-0.135
-0.14
-0.155
-0.165
-0.17
-0.155
-0.14
-0.155
-0.16
-0.165
-0.17
-0.165
-0.165
-0.17
-0.175
-0.185
-0.18
-0.18
-0.165
-0.16
-0.165
-0.185
-0.18
-0.175
-0.13
-0.13
-0.14
-0.15
-0.155
-0.15
-0.135
-0.135
-0.14
-0.15
-0.15
-0.15
-0.14
-0.12
-0.13
-0.145
-0.135
-0.115
-0.11
-0.105
-0.11
-0.12
-0.09
-0.005
0.1
0.22
0.32
0.415
0.5
0.615
0.75
0.85
0.915
0.93
0.92
0.88
0.81
0.715
0.56
0.355
0.165
0.035
-0.03
-0.08
-0.125
-0.195
-0.235
-0.235
-0.24
-0.245
-0.265
-0.295
-0.31
-0.305
-0.31
-0.31
-0.305
-0.305
-0.315
-0.31
-0.29
-0.295
-0.3
-0.305
-0.315
-0.3
-0.29
-0.3
-0.31
-0.31
-0.305
-0.3
-0.285
-0.29
-0.295
-0.31
-0.305
-0.305
-0.29
-0.3
-0.32
-0.315
-0.32
-0.315
-0.325
-0.31
-0.315
-0.335
-0.335
-0.34
-0.325
-0.315
-0.315
-0.325
-0.325
-0.32
-0.315
-0.315
-0.315
-0.325
-0.32
-0.33
-0.3
-0.305
-0.315
-0.32
-0.31
-0.3
-0.28
-0.28
-0.29
-0.29
-0.285
-0.265
-0.255
-0.24
-0.24
-0.245
-0.235
-0.22
-0.205
-0.195
-0.185
-0.18
-0.175
-0.16
-0.145
-0.135
-0.135
-0.13
-0.12
-0.11
-0.105
-0.1
-0.12
-0.125
-0.135
-0.135
-0.11
-0.105
-0.14
-0.14
-0.15
-0.155
-0.125
-0.14
-0.135
-0.14
-0.145
-0.14
-0.14
-0.145
-0.145
-0.16
-0.16
-0.15
-0.155
-0.14
-0.15
-0.155
-0.16
-0.15
-0.145
-0.135
-0.14
-0.15
-0.16
-0.12
-0.105
-0.11
-0.12
-0.135
-0.13
-0.135
-0.12
-0.12
-0.125
-0.12
-0.12
-0.115
-0.1
-0.09
-0.085
-0.1
-0.115
-0.09
-0.075
-0.085
-0.08
-0.09
-0.105
-0.1
-0.08
-0.085
-0.095
-0.09
-0.1
-0.11
-0.095
-0.095
-0.105
-0.12
-0.125
-0.115
-0.1
-0.105
-0.11
-0.125
-0.135
-0.125
-0.12
-0.12
-0.125
-0.155
-0.145
-0.135
-0.13
-0.115
-0.125
-0.13
-0.135
-0.14
-0.11
-0.115
-0.115
-0.12
-0.105
-0.12
-0.105
-0.105
-0.09
-0.11
-0.11
-0.085
-0.09
-0.08
-0.08
-0.11
-0.105
-0.085
-0.075
-0.08
-0.09
-0.09
-0.09
-0.09
-0.075
-0.08
-0.09
-0.11
-0.12
-0.1
-0.09
-0.09
-0.085
-0.1
-0.115
-0.11
-0.11
-0.08
-0.08
-0.07
-0.025
0.055
0.18
0.285
0.375
0.465
0.565
0.685
0.795
0.885
0.915
0.91
0.87
0.83
0.77
0.67
0.52
0.345
0.15
0.045
-0.015
-0.05
-0.105
-0.16
-0.175
-0.175
-0.16
-0.15
-0.16
-0.185
-0.185
-0.19
-0.185
-0.185
-0.185
-0.2
-0.215
-0.205
-0.195
-0.21
-0.22
-0.23
-0.245
-0.235
-0.235
-0.235
-0.26
-0.27
-0.27
-0.265
-0.25
-0.25
-0.265
-0.285
-0.28
-0.29
-0.275
-0.27
-0.28
-0.29
-0.295
-0.305
-0.305
-0.31
-0.31
-0.325
-0.32
-0.315
-0.3
-0.305
-0.31
-0.32
-0.325
-0.325
-0.3
-0.305
-0.315
-0.32
-0.325
-0.31
-0.295
-0.28
-0.285
-0.285
-0.275
-0.265
-0.24
-0.24
-0.235
-0.23
-0.24
-0.23
-0.215
-0.215
-0.21
-0.21
-0.195
-0.185
-0.175
-0.17
-0.17
-0.165
-0.155
-0.135
-0.115
-0.12
-0.13
-0.12
-0.12
-0.11
-0.105
-0.1
-0.095
-0.115
-0.13
-0.125
-0.11
-0.12
-0.12
-0.135
-0.135
-0.135
-0.125
-0.125
-0.13
-0.145
-0.145
-0.135
-0.12
-0.12
-0.135
-0.14
-0.13
-0.115
-0.105
-0.095
-0.11
-0.115
-0.12
-0.105
-0.08
-0.09
-0.085
-0.095
-0.1
-0.08
-0.08
-0.07
-0.07
-0.07
-0.08
-0.08
-0.07
-0.07
-0.085
-0.105
-0.105
-0.095
-0.08
-0.085
-0.09
-0.115
-0.105
-0.1
-0.1
-0.095
-0.1
-0.13
-0.125
-0.12
-0.115
-0.12
-0.125
-0.13
-0.145
-0.145
-0.125
-0.13
-0.125
-0.125
-0.13
-0.12
-0.095
-0.11
-0.12
-0.11
-0.12
-0.12
-0.12
-0.11
-0.105
-0.115
-0.11
-0.09
-0.075
-0.08
-0.08
-0.085
-0.115
-0.085
-0.085
-0.085
-0.1
-0.125
-0.11
-0.115
-0.1
-0.095
-0.105
-0.115
-0.13
-0.14
-0.125
-0.12
-0.135
-0.135
-0.155
-0.14
-0.135
-0.125
-0.125
-0.12
-0.125
-0.13
-0.135
-0.145
-0.135
-0.11
-0.055
0.055
0.18
0.315
0.435
0.545
0.67
0.805
0.925
1.01
1.05
1
0.935
0.86
0.755
0.575
0.33
0.13
0.02
-0.02
-0.06
-0.09
-0.15
-0.17
-0.19
-0.19
-0.19
-0.2
-0.22
-0.235
-0.25
-0.255
-0.25
-0.265
-0.28
-0.305
-0.31
-0.32
-0.31
-0.31
-0.315
-0.335
-0.33
-0.33
-0.325
-0.335
-0.335
-0.36
-0.365
-0.35
-0.33
-0.355
-0.37
-0.365
-0.375
-0.355
-0.34
-0.325
-0.335
-0.35
-0.35
-0.34
-0.31
-0.31
-0.31
-0.32
-0.32
-0.33
-0.31
-0.315
-0.325
-0.32
-0.325
-0.31
-0.285
-0.285
-0.29
-0.29
-0.295
-0.275
-0.275
-0.26
-0.27
-0.29
-0.29
-0.275
-0.26
-0.245
-0.255
-0.26
-0.275
-0.26
-0.24
-0.23
-0.22
-0.23
-0.23
-0.21
-0.2
-0.18
-0.17
-0.18
-0.17
-0.16
-0.145
-0.145
-0.145
-0.165
-0.17
-0.15
-0.14
-0.135
-0.135
-0.145
-0.145
-0.14
-0.115
-0.105
-0.12
-0.135
-0.145
-0.15
-0.12
-0.12
-0.12
-0.125
-0.13
-0.12
-0.115
-0.105
-0.11
-0.105
-0.11
-0.1
-0.095
-0.1
-0.095
-0.11
-0.11
-0.115
-0.1
-0.11
-0.115
-0.14
-0.155
-0.13
-0.125
-0.145
-0.13
-0.155
-0.16
-0.15
-0.145
-0.14
-0.145
-0.15
-0.155
-0.145
-0.14
-0.13
-0.155
-0.16
-0.16
-0.145
-0.15
-0.135
-0.135
-0.145
-0.145
-0.125
-0.12
-0.13
-0.14
-0.145
-0.145
-0.125
-0.115
-0.13
-0.145
-0.14
-0.15
-0.13
-0.125
-0.11
-0.11
-0.12
-0.12
-0.105
-0.1
-0.105
-0.11
-0.11
-0.12
-0.13
-0.11
-0.095
-0.105
-0.115
-0.12
-0.125
-0.12
-0.08
-0.06
0.015
0.11
0.24
0.355
0.46
0.565
0.66
0.76
0.865
0.95
0.985
0.965
0.92
0.85
0.765
0.665
0.48
0.275
0.1
-0.015
-0.065
-0.095
-0.135
-0.175
-0.2
-0.22
-0.22
-0.235
-0.215
-0.24
-0.26
-0.275
-0.275
-0.255
-0.255
-0.275
-0.275
-0.305
-0.295
-0.275
-0.26
-0.27
-0.295
-0.305
-0.3
-0.28
-0.27
-0.285
-0.3
-0.31
-0.305
-0.305
-0.305
-0.325
-0.34
-0.345
-0.33
-0.34
-0.335
-0.335
-0.355
-0.365
-0.345
-0.34
-0.33
-0.355
-0.36
-0.37
-0.38
-0.365
-0.335
-0.36
-0.38
-0.38
-0.355
-0.325
-0.32
-0.33
-0.32
-0.32
-0.3
-0.285
-0.28
-0.285
-0.295
-0.295
-0.275
-0.255
-0.245
-0.245
-0.25
-0.225
-0.195
-0.17
-0.165
-0.165
-0.18
-0.16
-0.14
-0.145
-0.135
-0.145
-0.15
-0.145
-0.14
-0.135
-0.13
-0.155
-0.17
-0.165
-0.145
-0.135
-0.15
-0.165
-0.17
-0.185
-0.165
-0.145
-0.15
-0.155
-0.19
-0.18
-0.175
-0.16
-0.145
-0.15
-0.16
-0.175
-0.17
-0.145
-0.125
-0.135
-0.145
-0.14
-0.135
-0.13
-0.12
-0.135
-0.14
-0.13
-0.125
-0.115
-0.09
-0.1
-0.125
-0.115
-0.105
-0.1
-0.105
-0.105
-0.11
-0.115
-0.11
-0.11
-0.125
-0.14
-0.145
-0.155
-0.15
-0.145
-0.155
-0.17
-0.175
-0.19
-0.175
-0.16
-0.15
-0.16
-0.19
-0.2
-0.195
-0.195
-0.175
-0.175
-0.2
-0.195
-0.18
-0.165
-0.16
-0.165
-0.165
-0.16
-0.145
-0.145
-0.145
-0.145
-0.15
-0.16
-0.16
-0.13
-0.12
-0.125
-0.14
-0.145
-0.14
-0.125
-0.115
-0.125
-0.155
-0.16
-0.145
-0.15
-0.135
-0.135
-0.14
-0.155
-0.15
-0.165
-0.145
-0.16
-0.155
-0.165
-0.17
-0.18
-0.17
-0.165
-0.175
-0.175
-0.165
-0.165
-0.165
-0.17
-0.175
-0.16
-0.11
-0.05
0.06
0.135
0.235
0.345
0.46
0.565
0.675
0.77
0.84
0.87
0.865
0.835
0.745
0.665
0.53
0.365
0.19
0.055
-0.03
-0.085
-0.13
-0.175
-0.21
-0.215
-0.205
-0.225
-0.245
-0.26
-0.245
-0.245
-0.245
-0.27
-0.29
-0.305
-0.315
-0.3
-0.31
-0.31
-0.33
-0.345
-0.345
-0.345
-0.345
-0.36
-0.365
-0.39
-0.37
-0.365
-0.38
-0.36
-0.365
-0.38
-0.37
-0.365
-0.365
-0.37
-0.385
-0.4
-0.385
-0.37
-0.375
-0.38
-0.38
-0.38
-0.365
-0.355
-0.35
-0.355
-0.375
-0.38
-0.365
-0.34
-0.34
-0.345
-0.36
-0.375
-0.35
-0.325
-0.335
-0.33
-0.335
-0.33
-0.32
-0.315
-0.305
-0.305
-0.31
-0.31
-0.31
-0.295
-0.285
-0.295
-0.295
-0.315
-0.29
-0.265
-0.26
-0.26
-0.28
-0.275
-0.26
-0.225
-0.22
-0.23
-0.235
-0.23
-0.225
-0.2
-0.18
-0.185
-0.205
-0.215
-0.21
-0.215
-0.185
-0.19
-0.2
-0.205
-0.205
-0.195
-0.19
-0.185
-0.205
-0.215
-0.2
-0.18
-0.175
-0.19
-0.215
-0.21
-0.19
-0.175
-0.165
-0.165
-0.19
-0.185
-0.175
-0.16
-0.14
-0.15
-0.165
-0.17
-0.17
-0.155
-0.16
-0.16
-0.17
-0.175
-0.175
-0.18
-0.16
-0.165
-0.19
-0.185
-0.19
-0.18
-0.19
-0.185
-0.185
-0.195
-0.18
-0.19
-0.165
-0.19
-0.195
-0.195
-0.19
-0.18
-0.165
-0.165
-0.19
-0.19
-0.19
-0.165
-0.155
-0.16
-0.18
-0.185
-0.175
-0.17
-0.17
-0.185
-0.195
-0.19
-0.19
-0.16
-0.155
-0.165
-0.175
-0.185
-0.175
-0.17
-0.16
-0.155
-0.175
-0.185
-0.17
-0.165
-0.165
-0.19
-0.195
-0.2
-0.185
-0.195
-0.19
-0.21
-0.21
-0.205
-0.2
-0.18
-0.19
-0.195
-0.185
-0.195
-0.195
-0.175
-0.19
-0.2
-0.225
-0.23
-0.215
-0.205
-0.2
-0.2
-0.21
-0.22
-0.205
-0.185
-0.18
-0.195
-0.21
-0.205
-0.2
-0.195
-0.175
-0.17
-0.18
-0.18
-0.165
-0.17
-0.16
-0.165
-0.165
-0.17
-0.16
-0.165
-0.145
-0.16
-0.16
-0.16
-0.16
-0.165
-0.16
-0.16
-0.175
-0.19
-0.18
-0.175
-0.17
-0.18
-0.195
-0.195
-0.18
-0.18
-0.165
-0.18
-0.19
-0.18
-0.175
-0.145
-0.115
-0.095
-0.07
-0.065
-0.06
-0.125
-0.265
-0.44
-0.55
-0.58
-0.545
-0.5
-0.48
-0.44
-0.435
-0.41
-0.38
-0.345
-0.305
-0.25
-0.205
-0.185
-0.155
-0.155
-0.17
-0.17
-0.185
-0.185
-0.175
-0.17
-0.16
-0.19
-0.19
-0.195
-0.18
-0.175
-0.185
-0.185
-0.205
-0.2
-0.18
-0.17
-0.165
-0.175
-0.18
-0.185
-0.17
-0.16
-0.15
-0.17
-0.185
-0.185
-0.17
-0.145
-0.15
-0.15
-0.15
-0.14
-0.13
-0.11
-0.105
-0.105
-0.1
-0.095
-0.095
-0.08
-0.05
-0.045
-0.035
-0.025
0
0.02
0.035
0.04
0.03
0.055
0.075
0.1
0.11
0.095
0.085
0.09
0.115
0.125
0.12
0.125
0.115
0.11
0.11
0.11
0.135
0.115
0.1
0.085
0.08
0.08
0.065
0.05
0.03
0.015
0
0
-0.025
-0.035
-0.06
-0.085
-0.09
-0.075
-0.08
-0.105
-0.125
-0.12
-0.115
-0.11
-0.1
-0.12
-0.14
-0.14
-0.125
-0.11
-0.11
-0.12
-0.125
-0.14
-0.125
-0.1
-0.105
-0.095
-0.095
-0.1
-0.09
-0.08
-0.08
-0.08
-0.09
-0.085
-0.085
-0.07
-0.085
-0.1
-0.09
-0.105
-0.095
-0.075
-0.085
-0.09
-0.11
-0.11
-0.095
-0.09
-0.085
-0.11
-0.13
-0.13
-0.135
-0.11
-0.11
-0.13
-0.15
-0.165
-0.15
-0.135
-0.13
-0.135
-0.145
-0.16
-0.15
-0.135
-0.12
-0.125
-0.145
-0.15
-0.145
-0.145
-0.14
-0.125
-0.15
-0.145
-0.135
-0.125
-0.135
-0.135
-0.145
-0.155
-0.135
-0.15
-0.135
-0.15
-0.16
-0.165
-0.16
-0.155
-0.16
-0.17
-0.195
-0.185
-0.185
-0.18
-0.18
-0.17
-0.195
-0.195
-0.185
-0.17
-0.175
-0.205
-0.19
-0.2
-0.2
-0.17
-0.19
-0.185
-0.19
-0.205
-0.195
-0.185
-0.18
-0.185
-0.205
-0.205
-0.2
-0.19
-0.185
-0.175
-0.185
-0.195
-0.18
-0.165
-0.15
-0.165
-0.17
-0.18
-0.18
-0.16
-0.15
-0.17
-0.165
-0.175
-0.165
-0.165
-0.155
-0.17
-0.18
-0.19
-0.18
-0.18
-0.18
-0.185
-0.19
-0.205
-0.185
-0.175
-0.165
-0.175
-0.19
-0.195
-0.185
-0.175
-0.17
-0.185
-0.21
-0.2
-0.205
-0.17
-0.165
-0.175
-0.18
-0.19
-0.18
-0.165
-0.16
-0.155
-0.175
-0.17
-0.175
-0.155
-0.14
-0.13
-0.14
-0.135
-0.13
-0.125
-0.11
-0.1
-0.125
-0.135
-0.095
-0.01
0.08
0.2
0.315
0.42
0.54
0.66
0.76
0.865
0.925
0.91
0.885
0.82
0.72
0.565
0.345
0.14
0
-0.07
-0.115
-0.15
-0.205
-0.24
-0.235
-0.235
-0.24
-0.26
-0.275
-0.31
-0.295
-0.285
-0.27
-0.285
-0.29
-0.305
-0.29
-0.28
-0.27
-0.28
-0.3
-0.315
-0.305
-0.285
-0.27
-0.28
-0.295
-0.31
-0.315
-0.3
-0.295
-0.285
-0.305
-0.315
-0.32
-0.32
-0.325
-0.33
-0.325
-0.325
-0.33
-0.325
-0.315
-0.325
-0.34
-0.34
-0.325
-0.32
-0.32
-0.33
-0.345
-0.35
-0.335
-0.335
-0.325
-0.335
-0.34
-0.335
-0.315
-0.305
-0.305
-0.305
-0.32
-0.31
-0.3
-0.29
-0.265
-0.26
-0.26
-0.275
-0.255
-0.225
-0.21
-0.195
-0.185
-0.19
-0.165
-0.155
-0.135
-0.135
-0.135
-0.155
-0.15
-0.14
-0.13
-0.125
-0.145
-0.16
-0.14
-0.13
-0.13
-0.145
-0.14
-0.15
-0.14
-0.135
-0.135
-0.145
-0.16
-0.17
-0.155
-0.16
-0.165
-0.16
-0.18
-0.19
-0.19
-0.18
-0.175
-0.165
-0.18
-0.185
-0.18
-0.165
-0.16
-0.165
-0.165
-0.17
-0.16
-0.155
-0.14
-0.14
-0.14
-0.165
-0.145
-0.135
-0.12
-0.105
-0.115
-0.13
-0.12
-0.13
-0.11
-0.12
-0.13
-0.135
-0.13
-0.12
-0.135
-0.14
-0.15
-0.16
-0.15
-0.14
-0.125
-0.135
-0.155
-0.16
-0.16
-0.15
-0.135
-0.145
-0.16
-0.17
-0.175
-0.165
-0.155
-0.16
-0.16
-0.185
-0.175
-0.17
-0.155
-0.165
-0.17
-0.18
-0.185
-0.18
-0.18
-0.17
-0.18
-0.185
-0.185
-0.16
-0.155
-0.165
-0.16
-0.16
-0.155
-0.135
-0.13
-0.135
-0.145
-0.155
-0.155
-0.135
-0.13
-0.135
-0.155
-0.16
-0.15
-0.145
-0.145
-0.155
-0.17
-0.185
-0.185
-0.155
-0.15
-0.165
-0.17
-0.175
-0.18
-0.175
-0.17
-0.17
-0.17
-0.18
-0.18
-0.175
-0.16
-0.16
-0.17
-0.165
-0.165
-0.155
-0.155
-0.175
-0.18
-0.17
-0.16
-0.15
-0.135
-0.15
-0.16
-0.165
-0.16
-0.145
-0.135
-0.135
-0.145
-0.16
-0.125
-0.115
-0.115
-0.115
-0.13
-0.13
-0.13
-0.12
-0.125
-0.115
-0.125
-0.125
-0.13
-0.125
-0.125
-0.135
-0.125
-0.08
-0.015
0.075
0.205
0.31
0.405
0.51
0.65
0.775
0.88
0.92
0.905
0.865
0.795
0.74
0.615
0.445
0.2
0.025
-0.06
-0.1
-0.12
-0.175
-0.215
-0.23
-0.235
-0.235
-0.24
-0.25
-0.255
-0.27
-0.27
-0.27
-0.265
-0.285
-0.295
-0.31
-0.3
-0.3
-0.295
-0.305
-0.315
-0.335
-0.325
-0.305
-0.3
-0.305
-0.325
-0.32
-0.32
-0.315
-0.32
-0.32
-0.34
-0.335
-0.325
-0.315
-0.315
-0.315
-0.34
-0.34
-0.33
-0.325
-0.32
-0.33
-0.345
-0.35
-0.35
-0.335
-0.335
-0.33
-0.33
-0.34
-0.34
-0.33
-0.325
-0.33
-0.33
-0.335
-0.33
-0.315
-0.31
-0.295
-0.29
-0.29
-0.285
-0.27
-0.25
-0.245
-0.23
-0.23
-0.225
-0.21
-0.2
-0.19
-0.205
-0.205
-0.205
-0.19
-0.19
-0.185
-0.2
-0.2
-0.195
-0.17
-0.175
-0.18
-0.19
-0.195
-0.175
-0.18
-0.185
-0.19
-0.215
-0.205
-0.195
-0.19
-0.19
-0.195
-0.195
-0.21
-0.19
-0.17
-0.175
-0.17
-0.185
-0.19
-0.185
-0.19
-0.165
-0.17
-0.175
-0.18
-0.185
-0.16
-0.15
-0.15
-0.155
-0.17
-0.16
-0.15
-0.145
-0.15
-0.16
-0.16
-0.155
-0.15
-0.165
-0.17
-0.19
-0.195
-0.18
-0.18
-0.16
-0.17
-0.19
-0.195
-0.195
-0.18
-0.175
-0.18
-0.19
-0.2
-0.205
-0.195
-0.185
-0.195
-0.19
-0.21
-0.215
-0.195
-0.2
-0.205
-0.21
-0.215
-0.205
-0.19
-0.185
-0.2
-0.2
-0.2
-0.2
-0.185
-0.18
-0.19
-0.2
-0.2
-0.19
-0.185
-0.16
-0.165
-0.175
-0.18
-0.18
-0.16
-0.15
-0.15
-0.165
-0.175
-0.165
-0.16
-0.155
-0.165
-0.175
-0.195
-0.19
-0.18
-0.135
-0.055
0.03
0.14
0.265
0.38
0.495
0.61
0.715
0.805
0.885
0.92
0.895
0.835
0.74
0.625
0.485
0.29
0.11
-0.045
-0.12
-0.195
-0.23
-0.25
-0.29
-0.285
-0.315
-0.315
-0.325
-0.33
-0.34
-0.34
-0.35
-0.37
-0.365
-0.35
-0.35
-0.365
-0.4
-0.39
-0.38
-0.37
-0.37
-0.385
-0.39
-0.405
-0.4
-0.39
-0.395
-0.415
-0.425
-0.44
-0.43
-0.43
-0.42
-0.43
-0.45
-0.455
-0.455
-0.445
-0.45
-0.455
-0.47
-0.47
-0.465
-0.465
-0.46
-0.47
-0.48
-0.495
-0.49
-0.48
-0.46
-0.455
-0.47
-0.475
-0.455
-0.445
-0.44
-0.445
-0.46
-0.45
-0.44
-0.425
-0.425
-0.435
-0.445
-0.435
-0.405
-0.395
-0.39
-0.39
-0.38
-0.39
-0.395
-0.365
-0.335
-0.32
-0.33
-0.345
-0.335
-0.32
-0.295
-0.295
-0.3
-0.32
-0.315
-0.305
-0.29
-0.295
-0.31
-0.31
-0.31
-0.305
-0.3
-0.31
-0.315
-0.31
-0.31
-0.295
-0.305
-0.31
-0.33
-0.34
-0.335
-0.325
-0.315
-0.32
-0.33
-0.32
-0.325
-0.33
-0.31
-0.315
-0.33
-0.335
-0.325
-0.315
-0.315
-0.31
-0.315
-0.32
-0.31
-0.31
-0.3
-0.29
-0.295
-0.3
-0.295
-0.28
-0.26
-0.285
-0.295
-0.295
-0.28
-0.275
-0.285
-0.29
-0.31
-0.315
-0.31
-0.295
-0.295
-0.3
-0.315
-0.325
-0.315
-0.32
-0.3
-0.31
-0.335
-0.345
-0.335
-0.33
-0.325
-0.315
-0.325
-0.335
-0.335
-0.33
-0.325
-0.32
-0.325
-0.345
-0.35
-0.33
-0.335
-0.32
-0.34
-0.335
-0.335
-0.315
-0.315
-0.33
-0.33
-0.33
-0.315
-0.295
-0.295
-0.29
-0.3
-0.31
-0.305
-0.29
-0.28
-0.285
-0.3
-0.3
-0.285
-0.28
-0.28
-0.28
-0.31
-0.315
-0.305
-0.3
-0.285
-0.295
-0.305
-0.3
-0.295
-0.29
-0.275
-0.28
-0.3
-0.305
-0.255
-0.19
-0.11
-0.025
0.065
0.155
0.26
0.39
0.505
0.6
0.685
0.72
0.735
0.715
0.675
0.61
0.525
0.405
0.225
0.035
-0.105
-0.18
-0.235
-0.28
-0.33
-0.34
-0.345
-0.35
-0.37
-0.39
-0.39
-0.39
-0.385
-0.395
-0.405
-0.425
-0.43
-0.41
-0.405
-0.425
-0.43
-0.445
-0.445
-0.445
-0.45
-0.445
-0.445
-0.45
-0.455
-0.44
-0.445
-0.445
-0.465
-0.46
-0.45
-0.44
-0.44
-0.46
-0.465
-0.475
-0.47
-0.465
-0.45
-0.465
-0.465
-0.47
-0.465
-0.45
-0.445
-0.45
-0.455
-0.465
-0.46
-0.455
-0.435
-0.445
-0.445
-0.445
-0.445
-0.435
-0.425
-0.43
-0.43
-0.425
-0.415
-0.405
-0.39
-0.39
-0.4
-0.405
-0.38
-0.38
-0.37
-0.365
-0.38
-0.38
-0.36
-0.35
-0.33
-0.33
-0.33
-0.33
-0.325
-0.295
-0.29
-0.28
-0.295
-0.295
-0.27
-0.26
-0.26
-0.26
-0.275
-0.28
-0.28
-0.265
-0.275
-0.265
-0.275
-0.29
-0.265
-0.26
-0.24
-0.24
-0.24
-0.25
-0.245
-0.225
-0.22
-0.245
-0.25
-0.25
-0.245
-0.23
-0.21
-0.22
-0.225
-0.225
-0.22
-0.22
-0.215
-0.2
-0.21
-0.215
-0.205
-0.21
-0.2
-0.19
-0.21
-0.205
-0.225
-0.215
-0.21
-0.205
-0.22
-0.23
-0.225
-0.205
-0.205
-0.2
-0.225
-0.245
-0.235
-0.21
-0.205
-0.205
-0.22
-0.24
-0.235
-0.225
-0.21
-0.225
-0.23
-0.235
-0.225
-0.22
-0.205
-0.205
-0.21
-0.225
-0.215
-0.21
-0.215
-0.21
-0.225
-0.235
-0.23
-0.21
-0.2
-0.2
-0.205
-0.205
-0.21
-0.185
-0.185
-0.2
-0.21
-0.22
-0.205
-0.205
-0.19
-0.205
-0.205
-0.22
-0.225
-0.22
-0.215
-0.22
-0.225
-0.225
-0.22
-0.21
-0.195
-0.195
-0.215
-0.21
-0.21
-0.2
-0.205
-0.215
-0.225
-0.235
-0.225
-0.215
-0.215
-0.22
-0.235
-0.225
-0.22
-0.205
-0.195
-0.205
-0.225
-0.22
-0.215
-0.205
-0.185
-0.2
-0.21
-0.205
-0.195
-0.19
-0.19
-0.165
-0.185
-0.18
-0.18
-0.175
-0.17
-0.175
-0.18
-0.2
-0.18
-0.185
-0.18
-0.18
-0.195
-0.2
-0.205
-0.19
-0.2
-0.205
-0.21
-0.21
-0.19
-0.18
-0.18
-0.185
-0.2
-0.21
-0.185
-0.175
-0.18
-0.18
-0.2
-0.2
-0.2
-0.2
-0.185
-0.19
-0.2
-0.2
-0.195
-0.185
-0.18
-0.165
-0.18
-0.175
-0.185
-0.175
-0.17
-0.17
-0.17
-0.185
-0.16
-0.16
-0.15
-0.15
-0.15
-0.15
-0.145
-0.135
-0.14
-0.145
-0.165
-0.165
-0.15
-0.135
-0.13
-0.12
-0.145
-0.15
-0.14
-0.085
-0.025
0.06
0.155
0.245
0.36
0.47
0.575
0.68
0.775
0.845
0.89
0.9
0.875
0.81
0.715
0.6
0.465
0.265
0.115
-0.01
-0.075
-0.13
-0.165
-0.19
-0.2
-0.215
-0.23
-0.245
-0.27
-0.255
-0.255
-0.265
-0.275
-0.305
-0.31
-0.3
-0.3
-0.295
-0.305
-0.31
-0.295
-0.285
-0.295
-0.3
-0.31
-0.315
-0.315
-0.31
-0.305
-0.315
-0.335
-0.335
-0.34
-0.34
-0.34
-0.34
-0.36
-0.355
-0.35
-0.345
-0.34
-0.32
-0.335
-0.345
-0.345
-0.325
-0.315
-0.315
-0.33
-0.335
-0.325
-0.325
-0.32
-0.325
-0.33
-0.33
-0.32
-0.32
-0.3
-0.315
-0.325
-0.33
-0.315
-0.295
-0.295
-0.3
-0.31
-0.325
-0.325
-0.295
-0.295
-0.285
-0.29
-0.3
-0.29
-0.295
-0.27
-0.26
-0.26
-0.255
-0.24
-0.23
-0.225
-0.235
-0.23
-0.24
-0.225
-0.225
-0.225
-0.215
-0.235
-0.235
-0.235
-0.215
-0.21
-0.205
-0.225
-0.22
-0.215
-0.2
-0.195
-0.2
-0.2
-0.205
-0.205
-0.205
-0.2
-0.21
-0.22
-0.22
-0.215
-0.225
-0.215
-0.215
-0.21
-0.22
-0.205
-0.2
-0.205
-0.21
-0.21
-0.21
-0.205
-0.2
-0.19
-0.2
-0.205
-0.215
-0.205
-0.2
-0.19
-0.19
-0.19
-0.195
-0.2
-0.18
-0.17
-0.165
-0.19
-0.195
-0.195
-0.195
-0.185
-0.2
-0.22
-0.215
-0.205
-0.195
-0.19
-0.2
-0.205
-0.205
-0.2
-0.19
-0.185
-0.19
-0.2
-0.195
-0.21
-0.195
-0.195
-0.21
-0.205
-0.215
-0.215
-0.2
-0.195
-0.2
-0.21
-0.22
-0.22
-0.205
-0.185
-0.2
-0.2
-0.21
-0.205
-0.19
-0.185
-0.19
-0.19
-0.195
-0.185
-0.17
-0.155
-0.165
-0.175
-0.19
-0.185
-0.18
-0.18
-0.185
-0.19
-0.19
-0.19
-0.18
-0.19
-0.19
-0.23
-0.22
-0.21
-0.21
-0.2
-0.21
-0.21
-0.215
-0.205
-0.195
-0.19
-0.19
-0.195
-0.2
-0.19
-0.185
-0.185
-0.19
-0.185
-0.195
-0.2
-0.18
-0.18
-0.17
-0.18
-0.19
-0.17
-0.16
-0.15
-0.15
-0.165
-0.16
-0.15
-0.15
-0.13
-0.13
-0.17
-0.15
-0.135
-0.125
-0.12
-0.095
-0.095
-0.075
-0.025
0.045
0.155
0.235
0.33
0.42
0.515
0.635
0.72
0.77
0.795
0.79
0.76
0.72
0.665
0.59
0.465
0.325
0.18
0.065
-0.01
-0.07
-0.12
-0.175
-0.205
-0.225
-0.235
-0.23
-0.255
-0.28
-0.29
-0.28
-0.285
-0.285
-0.295
-0.33
-0.315
-0.3
-0.295
-0.305
-0.305
-0.31
-0.325
-0.3
-0.295
-0.315
-0.315
-0.325
-0.325
-0.32
-0.305
-0.31
-0.315
-0.32
-0.32
-0.31
-0.305
-0.305
-0.31
-0.33
-0.32
-0.32
-0.325
-0.33
-0.33
-0.34
-0.33
-0.325
-0.305
-0.315
-0.335
-0.34
-0.325
-0.3
-0.305
-0.3
-0.32
-0.32
-0.3
-0.295
-0.285
-0.285
-0.295
-0.305
-0.31
-0.295
-0.285
-0.305
-0.31
-0.295
-0.29
-0.285
-0.265
-0.265
-0.275
-0.27
-0.255
-0.245
-0.225
-0.215
-0.22
-0.21
-0.205
-0.185
-0.185
-0.165
-0.17
-0.17
-0.17
-0.14
-0.135
-0.125
-0.145
-0.15
-0.15
-0.135
-0.135
-0.13
-0.135
-0.145
-0.14
-0.135
-0.135
-0.13
-0.145
-0.14
-0.135
-0.13
-0.13
-0.13
-0.14
-0.145
-0.13
-0.12
-0.115
-0.125
-0.135
-0.155
-0.14
-0.145
-0.135
-0.145
-0.155
-0.135
-0.135
-0.135
-0.12
-0.125
-0.13
-0.14
-0.12
-0.11
-0.09
-0.095
-0.1
-0.13
-0.12
-0.11
-0.095
-0.09
-0.105
-0.105
-0.115
-0.11
-0.085
-0.085
-0.095
-0.095
-0.095
-0.095
-0.095
-0.1
-0.095
-0.11
-0.12
-0.095
-0.095
-0.1
-0.1
-0.09
-0.105
-0.09
-0.09
-0.1
-0.12
-0.125
-0.14
-0.13
-0.115
-0.125
-0.135
-0.13
-0.11
-0.11
-0.11
-0.1
-0.125
-0.115
-0.125
-0.1
-0.095
-0.11
-0.13
-0.135
-0.11
-0.095
-0.095
-0.095
-0.105
-0.11
-0.105
-0.075
-0.075
-0.06
-0.075
-0.085
-0.075
-0.07
-0.06
-0.06
-0.065
-0.05
-0.005
0.09
0.205
0.305
0.425
0.54
0.645
0.77
0.87
0.93
0.94
0.935
0.88
0.83
0.715
0.57
0.375
0.185
0.055
-0.005
-0.06
-0.115
-0.15
-0.175
-0.185
-0.18
-0.18
-0.205
-0.225
-0.225
-0.235
-0.22
-0.225
-0.225
-0.24
-0.26
-0.26
-0.245
-0.24
-0.245
-0.25
-0.27
-0.275
-0.27
-0.255
-0.265
-0.275
-0.285
-0.28
-0.28
-0.285
-0.28
-0.295
-0.3
-0.305
-0.305
-0.295
-0.28
-0.29
-0.295
-0.295
-0.285
-0.285
-0.29
-0.3
-0.3
-0.295
-0.3
-0.275
-0.29
-0.305
-0.315
-0.31
-0.295
-0.285
-0.285
-0.3
-0.29
-0.29
-0.275
-0.255
-0.26
-0.26
-0.265
-0.265
-0.25
-0.23
-0.225
-0.23
-0.225
-0.22
-0.2
-0.18
-0.175
-0.175
-0.17
-0.15
-0.135
-0.13
-0.125
-0.13
-0.14
-0.135
-0.12
-0.105
-0.105
-0.11
-0.13
-0.12
-0.105
-0.1
-0.105
-0.105
-0.115
-0.11
-0.12
-0.11
-0.095
-0.125
-0.13
-0.125
-0.135
-0.115
-0.125
-0.14
-0.145
-0.145
-0.14
-0.115
-0.14
-0.145
-0.15
-0.155
-0.13
-0.12
-0.115
-0.135
-0.135
-0.14
-0.135
-0.125
-0.12
-0.135
-0.145
-0.14
-0.125
-0.125
-0.12
-0.135
-0.14
-0.13
-0.115
-0.105
-0.12
-0.11
-0.12
-0.115
-0.11
-0.1
-0.085
-0.1
-0.11
-0.115
-0.1
-0.1
-0.11
-0.115
-0.125
-0.13
-0.115
-0.12
-0.13
-0.135
-0.14
-0.145
-0.13
-0.135
-0.135
-0.15
-0.175
-0.16
-0.145
-0.145
-0.17
-0.16
-0.18
-0.165
-0.16
-0.15
-0.16
-0.16
-0.165
-0.165
-0.15
-0.145
-0.17
-0.175
-0.17
-0.175
-0.165
-0.135
-0.15
-0.15
-0.145
-0.14
-0.125
-0.115
-0.12
-0.115
-0.13
-0.125
-0.11
-0.105
-0.105
-0.125
-0.125
-0.14
-0.125
-0.12
-0.135
-0.135
-0.145
-0.135
-0.13
-0.125
-0.125
-0.145
-0.15
-0.145
-0.13
-0.135
-0.135
-0.17
-0.18
-0.185
-0.16
-0.16
-0.175
-0.185
-0.2
-0.195
-0.195
-0.18
-0.165
-0.18
-0.19
-0.195
-0.185
-0.175
-0.175
-0.185
-0.19
-0.17
-0.16
-0.16
-0.155
-0.155
-0.16
-0.16
-0.14
-0.145
-0.15
-0.155
-0.155
-0.15
-0.135
-0.12
-0.145
-0.155
-0.16
-0.155
-0.155
-0.15
-0.155
-0.165
-0.17
-0.175
-0.165
-0.16
-0.16
-0.175
-0.185
-0.185
-0.165
-0.155
-0.175
-0.185
-0.205
-0.205
-0.205
-0.195
-0.205
-0.205
-0.21
-0.21
-0.19
-0.18
-0.195
-0.205
-0.195
-0.19
-0.165
-0.165
-0.165
-0.175
-0.19
-0.185
-0.17
-0.165
-0.16
-0.18
-0.185
-0.16
-0.155
-0.14
-0.135
-0.16
-0.17
-0.165
-0.175
-0.175
-0.16
-0.17
-0.18
-0.185
-0.18
-0.19
-0.205
-0.21
-0.215
-0.2
-0.195
-0.195
-0.205
-0.205
-0.22
-0.2
-0.195
-0.185
-0.2
-0.21
-0.215
-0.205
-0.19
-0.18
-0.19
-0.18
-0.165
-0.1
0
0.1
0.195
0.27
0.355
0.46
0.57
0.665
0.735
0.77
0.77
0.75
0.7
0.635
0.535
0.35
0.165
0.005
-0.08
-0.125
-0.165
-0.225
-0.265
-0.285
-0.285
-0.29
-0.3
-0.33
-0.35
-0.365
-0.35
-0.36
-0.36
-0.38
-0.39
-0.405
-0.39
-0.375
-0.395
-0.41
-0.425
-0.42
-0.415
-0.415
-0.435
-0.44
-0.465
-0.455
-0.44
-0.435
-0.435
-0.445
-0.455
-0.44
-0.44
-0.425
-0.43
-0.44
-0.45
-0.44
-0.43
-0.43
-0.43
-0.445
-0.445
-0.44
-0.42
-0.41
-0.415
-0.41
-0.42
-0.415
-0.405
-0.395
-0.395
-0.4
-0.405
-0.41
-0.395
-0.38
-0.38
-0.39
-0.395
-0.39
-0.38
-0.375
-0.375
-0.385
-0.39
-0.39
-0.355
-0.335
-0.345
-0.365
-0.36
-0.36
-0.34
-0.32
-0.325
-0.33
-0.335
-0.325
-0.32
-0.305
-0.315
-0.31
-0.31
-0.305
-0.3
-0.285
-0.265
-0.265
-0.265
-0.265
-0.26
-0.245
-0.245
-0.24
-0.26
-0.245
-0.24
-0.25
-0.235
-0.245
-0.26
-0.235
-0.225
-0.22
-0.23
-0.245
-0.255
-0.245
-0.24
-0.225
-0.235
-0.255
-0.28
-0.27
-0.25
-0.25
-0.25
-0.26
-0.275
-0.265
-0.255
-0.25
-0.24
-0.26
-0.265
-0.285
-0.275
-0.27
-0.27
-0.27
-0.285
-0.285
-0.27
-0.265
-0.27
-0.265
-0.275
-0.27
-0.25
-0.245
-0.255
-0.255
-0.265
-0.265
-0.25
-0.245
-0.25
-0.25
-0.265
-0.25
-0.22
-0.215
-0.225
-0.23
-0.255
-0.245
-0.235
-0.205
-0.225
-0.23
-0.245
-0.25
-0.235
-0.22
-0.235
-0.25
-0.26
-0.27
-0.26
-0.245
-0.25
-0.265
-0.275
-0.27
-0.275
-0.255
-0.275
-0.275
-0.29
