0.735
0.735
0.725
0.715
0.705
0.695
0.685
0.665
0.655
0.655
0.645
0.635
0.625
0.615
0.605
0.585
0.575
0.575
0.555
0.555
0.545
0.535
0.525
0.515
0.515
0.495
0.495
0.485
0.475
0.475
0.465
0.445
0.455
0.435
0.425
0.425
0.415
0.415
0.405
0.385
0.385
0.385
0.375
0.365
0.365
0.355
0.345
0.335
0.335
0.325
0.315
0.315
0.315
0.305
0.295
0.285
0.285
0.275
0.265
0.245
0.165
-0.725
-0.695
-0.685
-0.665
-0.665
-0.665
-0.655
-0.645
-0.635
-0.635
-0.615
-0.605
-0.595
-0.585
-0.585
-0.565
-0.555
-0.555
-0.545
-0.535
-0.525
-0.515
-0.515
-0.505
-0.495
-0.485
-0.485
-0.475
-0.465
-0.455
-0.445
-0.445
-0.435
-0.425
-0.415
-0.405
-0.395
-0.395
-0.395
-0.385
-0.375
-0.375
-0.365
-0.355
-0.345
-0.345
-0.335
-0.335
-0.325
-0.315
-0.315
-0.315
-0.295
-0.295
-0.285
-0.285
-0.275
-0.265
-0.265
-0.255
-0.245
-0.245
-0.225
-0.235
0.765
0.735
0.715
0.705
0.705
0.695
0.675
0.675
0.665
0.645
0.645
0.635
0.625
0.615
0.605
0.595
0.585
0.575
0.565
0.565
0.555
0.535
0.535
0.515
0.515
0.505
0.495
0.495
0.485
0.475
0.465
0.465
0.455
0.445
0.445
0.435
0.425
0.415
0.405
0.405
0.405
0.385
0.375
0.375
0.375
0.365
0.355
0.345
0.345
0.345
0.325
0.325
0.325
0.305
0.305
0.295
0.295
0.285
0.275
0.265
0.265
0.255
0.235
0.255
-0.745
-0.715
-0.705
-0.695
-0.685
-0.685
-0.675
-0.665
-0.645
-0.645
-0.645
-0.625
-0.605
-0.595
-0.595
-0.585
-0.575
-0.565
-0.555
-0.545
-0.535
-0.535
-0.525
-0.515
-0.505
-0.495
-0.485
-0.485
-0.465
-0.465
-0.455
-0.445
-0.435
-0.435
-0.425
-0.415
-0.405
-0.395
-0.395
-0.385
-0.375
-0.375
-0.365
-0.355
-0.355
-0.345
-0.335
-0.335
-0.325
-0.315
-0.315
-0.305
-0.295
-0.295
-0.295
-0.285
-0.275
-0.275
-0.275
-0.265
-0.255
-0.245
-0.235
-0.245
0.805
0.745
0.725
0.715
0.705
0.695
0.685
0.675
0.665
0.655
0.635
0.635
0.625
0.615
0.605
0.595
0.585
0.575
0.565
0.555
0.545
0.535
0.525
0.525
0.515
0.505
0.495
0.485
0.485
0.475
0.465
0.455
0.455
0.445
0.435
0.425
0.425
0.415
0.405
0.395
0.395
0.375
0.375
0.375
0.375
0.355
0.355
0.345
0.345
0.335
0.325
0.325
0.315
0.305
0.305
0.295
0.295
0.295
0.285
0.275
0.265
0.255
0.235
0.215
-0.765
-0.725
-0.705
-0.695
-0.685
-0.685
-0.675
-0.655
-0.645
-0.635
-0.625
-0.615
-0.605
-0.595
-0.585
-0.575
-0.565
-0.555
-0.545
-0.535
-0.525
-0.525
-0.515
-0.505
-0.485
-0.485
-0.485
-0.475
-0.465
-0.455
-0.445
-0.445
-0.425
-0.425
-0.425
-0.415
-0.395
-0.395
-0.385
-0.385
-0.365
-0.355
-0.355
-0.345
-0.335
-0.335
-0.325
-0.315
-0.305
-0.295
-0.295
-0.295
-0.285
-0.285
-0.285
-0.275
-0.275
-0.265
-0.265
-0.265
-0.255
-0.245
-0.235
-0.255
0.725
0.725
0.695
0.685
0.685
0.675
0.665
0.655
0.655
0.645
0.635
0.625
0.615
0.605
0.595
0.585
0.575
0.575
0.555
0.545
0.535
0.525
0.515
0.505
0.495
0.485
0.485
0.475
0.465
0.455
0.455
0.445
0.435
0.425
0.415
0.415
0.405
0.395
0.385
0.385
0.375
0.365
0.365
0.365
0.355
0.335
0.335
0.335
0.325
0.315
0.315
0.305
0.305
0.295
0.285
0.285
0.275
0.265
0.255
0.255
0.245
0.235
0.215
-0.205
-0.775
-0.735
-0.715
-0.705
-0.705
-0.695
-0.685
-0.675
-0.665
-0.665
-0.655
-0.645
-0.625
-0.615
-0.605
-0.605
-0.585
-0.575
-0.565
-0.555
-0.545
-0.545
-0.535
-0.525
-0.515
-0.505
-0.495
-0.485
-0.475
-0.465
-0.465
-0.465
-0.455
-0.445
-0.445
-0.435
-0.415
-0.405
-0.405
-0.395
-0.385
-0.375
-0.375
-0.365
-0.355
-0.355
-0.355
-0.345
-0.335
-0.325
-0.325
-0.325
-0.305
-0.305
-0.305
-0.295
-0.285
-0.275
-0.285
-0.275
-0.265
-0.245
-0.245
-0.225
0.665
0.755
0.715
